[gd_scene load_steps=14 format=3 uid="uid://b26u02v5vgo78"]

[ext_resource type="PackedScene" uid="uid://bola31y0s2aer" path="res://Scenes/CameraMenu.tscn" id="2"]
[ext_resource type="PackedScene" uid="uid://6qa456o71ucd" path="res://Scenes/new_import.tscn" id="5_872gm"]
[ext_resource type="PackedScene" uid="uid://d03ssghwguunl" path="res://Scenes/CharacterCreation.tscn" id="6"]

[sub_resource type="Animation" id="2"]
length = 0.1
loop_mode = 1

[sub_resource type="Animation" id="3"]
resource_name = "cam2Test"
length = 3.0
loop_mode = 1
tracks/0/type = "value"
tracks/0/imported = false
tracks/0/enabled = true
tracks/0/path = NodePath("CameraMenu:position")
tracks/0/interp = 1
tracks/0/loop_wrap = true
tracks/0/keys = {
"times": PackedFloat32Array(0, 2.7),
"transitions": PackedFloat32Array(1, 1),
"update": 0,
"values": [Vector3(-0.0303243, 1.2797, 2.20732), Vector3(0.0316261, 1.9184, 0.596222)]
}
tracks/1/type = "value"
tracks/1/imported = false
tracks/1/enabled = true
tracks/1/path = NodePath("CameraMenu:fov")
tracks/1/interp = 1
tracks/1/loop_wrap = true
tracks/1/keys = {
"times": PackedFloat32Array(0, 3),
"transitions": PackedFloat32Array(1, 1),
"update": 0,
"values": [60.0, 35.0]
}
tracks/2/type = "value"
tracks/2/imported = false
tracks/2/enabled = true
tracks/2/path = NodePath("CameraMenu:rotation_degrees")
tracks/2/interp = 1
tracks/2/loop_wrap = true
tracks/2/keys = {
"times": PackedFloat32Array(0, 2.7),
"transitions": PackedFloat32Array(1, 1),
"update": 0,
"values": [Vector3(-8.906, 0, 0), Vector3(-8.906, 0, 0)]
}

[sub_resource type="Animation" id="4"]

[sub_resource type="Animation" id="5"]

[sub_resource type="AnimationLibrary" id="AnimationLibrary_5nmr6"]
_data = {
"Idle": SubResource("2"),
"cam2Test": SubResource("3"),
"face": SubResource("4"),
"toFace": SubResource("5")
}

[sub_resource type="ProceduralSkyMaterial" id="ProceduralSkyMaterial_6ec36"]

[sub_resource type="Sky" id="Sky_05w5s"]
sky_material = SubResource("ProceduralSkyMaterial_6ec36")

[sub_resource type="Environment" id="Environment_2jalb"]
background_mode = 2
sky = SubResource("Sky_05w5s")

[sub_resource type="PlaneMesh" id="PlaneMesh_lqk3a"]
size = Vector2(10, 10)

[sub_resource type="BoxMesh" id="BoxMesh_erb2x"]
size = Vector3(10, 10, 1)

[node name="main" type="Node3D"]

[node name="AnimationPlayer" type="AnimationPlayer" parent="."]
active = false
callback_mode_process = 2
libraries = {
"": SubResource("AnimationLibrary_5nmr6")
}

[node name="CharacterCreation" parent="." instance=ExtResource("6")]

[node name="MainCharacter" parent="." instance=ExtResource("5_872gm")]

[node name="CameraMenu" parent="." instance=ExtResource("2")]
transform = Transform3D(1, 0, 0, 0, 0.987944, 0.154814, 0, -0.154814, 0.987944, -0.028, 1.303, 2.148)
fov = 60.0

[node name="SpotLight" type="SpotLight3D" parent="."]
transform = Transform3D(0.880767, -0.231214, 0.413268, 0, 0.872701, 0.488256, -0.47355, -0.430039, 0.768646, 0.834371, 2.41922, 1.90745)
light_color = Color(0.843137, 0.843137, 0.843137, 1)
shadow_enabled = true
spot_range = 18.7034
spot_angle = 47.4

[node name="SpotLight3" type="SpotLight3D" parent="."]
transform = Transform3D(0.882951, -0.137273, -0.448947, 0.0223402, 0.967498, -0.251892, 0.468933, 0.212378, 0.85732, -1.75796, 1.10488, 2.198)
light_color = Color(0.388235, 0.47451, 0.466667, 1)
light_specular = 0.0
spot_range = 9.9
spot_angle = 47.4

[node name="SpotLight2" type="SpotLight3D" parent="."]
transform = Transform3D(-0.899285, -0.0822006, -0.42957, 0.005942, 0.979793, -0.199928, 0.437324, -0.182345, -0.880624, -0.835243, 1.17948, -1.17092)
light_energy = 2.83
light_specular = 0.0
spot_range = 9.9
spot_angle = 47.4

[node name="WorldEnvironment" type="WorldEnvironment" parent="."]
environment = SubResource("Environment_2jalb")

[node name="MeshInstance3D" type="MeshInstance3D" parent="."]
mesh = SubResource("PlaneMesh_lqk3a")

[node name="MeshInstance3D2" type="MeshInstance3D" parent="."]
transform = Transform3D(1, 0, 0, 0, 1, 0, 0, 0, 1, 0, 5, -5)
mesh = SubResource("BoxMesh_erb2x")
