[gd_scene load_steps=5 format=3 uid="uid://brwqkg3ao3mdk"]

[ext_resource type="Texture2D" uid="uid://dki0tc6hyien3" path="res://MainCharacter/Material/Textures/hair_textures/hair_n.png" id="1_exksy"]

[sub_resource type="StandardMaterial3D" id="StandardMaterial3D_dudth"]
resource_name = "Hair"
transparency = 4
cull_mode = 2
albedo_color = Color(0, 0, 0, 1)
metallic = 0.627273
roughness = 0.854545
normal_enabled = true
normal_texture = ExtResource("1_exksy")

[sub_resource type="ArrayMesh" id="ArrayMesh_00w71"]
resource_name = "Empty_Plane_000"
_blend_shape_names = PackedStringArray("length")
_surfaces = [{
"aabb": AABB(-0.00397884, 1.86855, 0.0380023, 0.00129237, 1.00136e-05, 0.00129238),
"attribute_data": PackedByteArray(0, 0, 0, 0, 0, 0, 128, 63, 0, 0, 128, 63, 0, 0, 128, 63, 0, 0, 0, 0, 0, 0, 0, 0),
"blend_shapes": PackedByteArray(240, 96, 130, 187, 171, 44, 239, 63, 124, 243, 32, 61, 128, 15, 48, 187, 171, 44, 239, 63, 124, 243, 32, 61, 240, 96, 130, 187, 171, 44, 239, 63, 84, 168, 27, 61, 255, 127, 255, 255, 255, 255, 255, 191, 255, 127, 255, 255, 255, 255, 255, 191, 255, 127, 255, 255, 255, 255, 255, 191),
"bone_aabbs": [AABB(0, 0, 0, -1, -1, -1), AABB(0, 0, 0, -1, -1, -1), AABB(0, 0, 0, -1, -1, -1), AABB(0, 0, 0, -1, -1, -1), AABB(0, 0, 0, -1, -1, -1), AABB(-0.00397884, 1.86855, 0.0380023, 0.00129237, 1.00136e-05, 0.00130238)],
"format": 34359745559,
"index_count": 3,
"index_data": PackedByteArray(0, 0, 2, 0, 1, 0),
"material": SubResource("StandardMaterial3D_dudth"),
"name": "Hair",
"primitive": 3,
"skin_data": PackedByteArray(5, 0, 0, 0, 0, 0, 0, 0, 255, 255, 0, 0, 0, 0, 0, 0, 5, 0, 0, 0, 0, 0, 0, 0, 255, 255, 0, 0, 0, 0, 0, 0, 5, 0, 0, 0, 0, 0, 0, 0, 255, 255, 0, 0, 0, 0, 0, 0),
"uv_scale": Vector4(0, 0, 0, 0),
"vertex_count": 3,
"vertex_data": PackedByteArray(240, 96, 130, 187, 171, 44, 239, 63, 124, 243, 32, 61, 128, 15, 48, 187, 171, 44, 239, 63, 124, 243, 32, 61, 240, 96, 130, 187, 171, 44, 239, 63, 84, 168, 27, 61, 255, 127, 255, 255, 255, 255, 255, 191, 255, 127, 255, 255, 255, 255, 255, 191, 255, 127, 255, 255, 255, 255, 255, 191)
}]
blend_shape_mode = 0

[sub_resource type="Skin" id="Skin_vwtgw"]
resource_name = "Skin"
bind_count = 60
bind/0/name = &"spine"
bind/0/bone = -1
bind/0/pose = Transform3D(1, 8.02664e-08, -2.24501e-07, 7.10543e-15, 0.941626, 0.336661, 2.38419e-07, -0.336661, 0.941626, -8.62992e-08, -0.943094, 0.361965)
bind/1/name = &"spine1"
bind/1/bone = -1
bind/1/pose = Transform3D(1, 8.66672e-15, -7.05237e-14, 6.93338e-15, 0.992533, 0.121973, 5.6419e-14, -0.121973, 0.992533, -7.92223e-15, -1.15454, 0.111495)
bind/2/name = &"spine2"
bind/2/bone = -1
bind/2/pose = Transform3D(1, -1.09823e-08, -2.38166e-07, 7.99361e-15, 0.998939, -0.0460631, 2.38419e-07, 0.0460632, 0.998939, 2.54197e-08, -1.29268, -0.106618)
bind/3/name = &"spine3"
bind/3/bone = -1
bind/3/pose = Transform3D(1, 3.06842e-08, 2.36436e-07, 1.06581e-14, 0.991684, -0.128699, -2.38419e-07, 0.128699, 0.991684, -5.41853e-08, -1.44627, -0.227269)
bind/4/name = &"neck"
bind/4/bone = -1
bind/4/pose = Transform3D(0.998291, -0.0422515, -0.0403627, 0.0543519, 0.925041, 0.375958, 0.0214524, -0.377509, 0.925757, 0.0711589, -1.55178, 0.620216)
bind/5/name = &"head_2"
bind/5/bone = -1
bind/5/pose = Transform3D(1, -2.86329e-08, 2.31101e-07, 4.89475e-09, 0.990038, 0.140798, -2.43395e-07, -0.140798, 0.990038, -0.00430838, -1.73444, 0.204332)
bind/6/name = &"shoulder_L"
bind/6/bone = -1
bind/6/pose = Transform3D(0.305944, -0.0091576, 0.952005, 0.951167, 0.0459813, -0.305233, -0.0409793, 0.9989, 0.0227782, -0.0560172, -0.0703332, -1.60415)
bind/7/name = &"upper_arm_L"
bind/7/bone = -1
bind/7/pose = Transform3D(-0.767965, -0.637352, 0.063338, 0.640484, -0.763705, 0.080846, -0.00315588, 0.102654, 0.994712, 1.17592, 1.08206, -0.166169)
bind/8/name = &"forearm_L"
bind/8/bone = -1
bind/8/pose = Transform3D(-0.72923, -0.681545, 0.0609922, 0.519492, -0.493408, 0.697622, -0.445367, 0.540412, 0.713865, 1.22234, 0.466491, -0.595776)
bind/9/name = &"hand_L"
bind/9/bone = -1
bind/9/pose = Transform3D(-0.804005, -0.594621, 0.00155608, 0.411646, -0.554706, 0.723082, -0.429097, 0.582002, 0.69076, 1.16936, 0.292282, -0.650525)
bind/10/name = &"f_index.01.L"
bind/10/bone = -1
bind/10/pose = Transform3D(0.617651, -0.577485, -0.533872, 0.141823, -0.585919, 0.797863, -0.773559, -0.568516, -0.279992, 0.520234, 0.336179, 1.21127)
bind/11/name = &"f_index.02.L"
bind/11/bone = -1
bind/11/pose = Transform3D(0.681766, -0.530485, -0.503766, 0.0470411, -0.655395, 0.75382, -0.730056, -0.537627, -0.421872, 0.417423, 0.460337, 1.20285)
bind/12/name = &"f_index.03.L"
bind/12/bone = -1
bind/12/pose = Transform3D(0.77922, -0.433966, -0.452207, 0.0669926, -0.659705, 0.748533, -0.62316, -0.613566, -0.484983, 0.230186, 0.42958, 1.25376)
bind/13/name = &"thumb.01.L"
bind/13/bone = -1
bind/13/pose = Transform3D(0.874146, 0.210974, 0.437447, -0.363831, -0.312174, 0.877596, 0.321709, -0.926303, -0.196127, -0.846664, 0.298014, 1.01596)
bind/14/name = &"thumb.02.L"
bind/14/bone = -1
bind/14/pose = Transform3D(0.820784, 0.364898, 0.439504, -0.261984, -0.443242, 0.857263, 0.50762, -0.818771, -0.268208, -1.00503, 0.369757, 0.817496)
bind/15/name = &"f_middle.01.L"
bind/15/bone = -1
bind/15/pose = Transform3D(0.407589, -0.530383, -0.743347, 0.351459, -0.660211, 0.663776, -0.842822, -0.531804, -0.0826866, 0.626553, 0.346469, 1.14039)
bind/16/name = &"f_middle.02.L"
bind/16/bone = -1
bind/16/pose = Transform3D(0.441198, -0.551278, -0.708122, 0.122625, -0.744638, 0.656108, -0.888993, -0.376307, -0.260932, 0.618093, 0.549491, 1.0524)
bind/17/name = &"f_middle.03.L"
bind/17/bone = -1
bind/17/pose = Transform3D(0.60719, -0.445131, -0.658163, 0.139795, -0.75557, 0.639978, -0.782162, -0.480597, -0.396547, 0.381035, 0.518844, 1.15593)
bind/18/name = &"f_ring.01.L"
bind/18/bone = -1
bind/18/pose = Transform3D(0.291606, -0.36817, -0.882846, 0.464874, -0.752082, 0.467187, -0.835977, -0.546647, -0.0481588, 0.526977, 0.454023, 1.14402)
bind/19/name = &"f_ring.02.L"
bind/19/bone = -1
bind/19/pose = Transform3D(0.418535, -0.411179, -0.80979, 0.20721, -0.824892, 0.525943, -0.884247, -0.387923, -0.260046, 0.474738, 0.637955, 1.06236)
bind/20/name = &"f_ring.03.L"
bind/20/bone = -1
bind/20/pose = Transform3D(0.551365, -0.314736, -0.772617, 0.24819, -0.822293, 0.512089, -0.796491, -0.474104, -0.37527, 0.273562, 0.581839, 1.14318)
bind/21/name = &"f_pinky.01.L"
bind/21/bone = -1
bind/21/pose = Transform3D(0.254898, -0.295868, -0.920591, 0.366801, -0.8513, 0.37516, -0.894698, -0.433302, -0.10847, 0.448582, 0.652994, 1.06572)
bind/22/name = &"f_pinky.02.L"
bind/22/bone = -1
bind/22/pose = Transform3D(0.173221, -0.390532, -0.904145, 0.156883, -0.89536, 0.416794, -0.972308, -0.214043, -0.0938276, 0.600499, 0.795476, 0.860652)
bind/23/name = &"f_pinky.03.L"
bind/23/bone = -1
bind/23/pose = Transform3D(0.287859, -0.298348, -0.910014, 0.233399, -0.899726, 0.368805, -0.928796, -0.318561, -0.18936, 0.429758, 0.745584, 0.978954)
bind/24/name = &"shoulder_R"
bind/24/bone = -1
bind/24/pose = Transform3D(0.305944, 0.00915772, -0.952005, -0.951167, 0.0459813, -0.305233, 0.0409792, 0.9989, 0.0227783, 0.056017, -0.0703332, -1.60415)
bind/25/name = &"upper_arm_R"
bind/25/bone = -1
bind/25/pose = Transform3D(-0.767965, 0.637352, -0.063338, -0.640483, -0.763705, 0.0808461, 0.00315584, 0.102654, 0.994712, -1.17592, 1.08206, -0.166169)
bind/26/name = &"forearm_R"
bind/26/bone = -1
bind/26/pose = Transform3D(-0.72923, 0.681545, -0.0609923, -0.519492, -0.493408, 0.697622, 0.445367, 0.540412, 0.713865, -1.22234, 0.466491, -0.595777)
bind/27/name = &"hand_R"
bind/27/bone = -1
bind/27/pose = Transform3D(-0.804004, 0.594621, -0.00155611, -0.411646, -0.554706, 0.723082, 0.429097, 0.582002, 0.69076, -1.16936, 0.292282, -0.650525)
bind/28/name = &"f_index.01.R"
bind/28/bone = -1
bind/28/pose = Transform3D(0.617651, 0.577485, 0.533872, -0.141823, -0.585919, 0.797863, 0.773559, -0.568516, -0.279992, -0.520234, 0.336179, 1.21127)
bind/29/name = &"f_index.02.R"
bind/29/bone = -1
bind/29/pose = Transform3D(0.681766, 0.530485, 0.503766, -0.0470414, -0.655395, 0.75382, 0.730056, -0.537627, -0.421871, -0.417424, 0.460337, 1.20285)
bind/30/name = &"f_index.03.R"
bind/30/bone = -1
bind/30/pose = Transform3D(0.779219, 0.433966, 0.452207, -0.0669928, -0.659705, 0.748532, 0.62316, -0.613566, -0.484983, -0.230186, 0.42958, 1.25376)
bind/31/name = &"thumb.01.R"
bind/31/bone = -1
bind/31/pose = Transform3D(0.874145, -0.210974, -0.437447, 0.363831, -0.312174, 0.877596, -0.321709, -0.926303, -0.196127, 0.846664, 0.298014, 1.01596)
bind/32/name = &"thumb.02.R"
bind/32/bone = -1
bind/32/pose = Transform3D(0.820783, -0.364898, -0.439504, 0.261984, -0.443242, 0.857263, -0.50762, -0.818771, -0.268208, 1.00503, 0.369757, 0.817497)
bind/33/name = &"f_middle.01.R"
bind/33/bone = -1
bind/33/pose = Transform3D(0.407589, 0.530383, 0.743347, -0.351459, -0.660211, 0.663775, 0.842821, -0.531803, -0.0826865, -0.626554, 0.34647, 1.14039)
bind/34/name = &"f_middle.02.R"
bind/34/bone = -1
bind/34/pose = Transform3D(0.441198, 0.551278, 0.708122, -0.122625, -0.744638, 0.656108, 0.888992, -0.376307, -0.260932, -0.618093, 0.549491, 1.0524)
bind/35/name = &"f_middle.03.R"
bind/35/bone = -1
bind/35/pose = Transform3D(0.60719, 0.445131, 0.658163, -0.139795, -0.75557, 0.639978, 0.782162, -0.480596, -0.396547, -0.381035, 0.518843, 1.15593)
bind/36/name = &"f_ring.01.R"
bind/36/bone = -1
bind/36/pose = Transform3D(0.291605, 0.36817, 0.882846, -0.464874, -0.752083, 0.467187, 0.835977, -0.546646, -0.0481588, -0.526978, 0.454024, 1.14402)
bind/37/name = &"f_ring.02.R"
bind/37/bone = -1
bind/37/pose = Transform3D(0.418535, 0.41118, 0.80979, -0.207211, -0.824892, 0.525943, 0.884246, -0.387923, -0.260046, -0.474738, 0.637955, 1.06236)
bind/38/name = &"f_ring.03.R"
bind/38/bone = -1
bind/38/pose = Transform3D(0.551365, 0.314736, 0.772617, -0.24819, -0.822293, 0.512089, 0.796491, -0.474104, -0.37527, -0.273562, 0.581839, 1.14318)
bind/39/name = &"f_pinky.01.R"
bind/39/bone = -1
bind/39/pose = Transform3D(0.254898, 0.295868, 0.920591, -0.366801, -0.8513, 0.37516, 0.894697, -0.433302, -0.10847, -0.448582, 0.652994, 1.06572)
bind/40/name = &"f_pinky.02.R"
bind/40/bone = -1
bind/40/pose = Transform3D(0.173221, 0.390532, 0.904145, -0.156883, -0.89536, 0.416794, 0.972308, -0.214042, -0.0938276, -0.600499, 0.795476, 0.860652)
bind/41/name = &"f_pinky.03.R"
bind/41/bone = -1
bind/41/pose = Transform3D(0.287859, 0.298348, 0.910014, -0.233399, -0.899726, 0.368805, 0.928796, -0.318561, -0.18936, -0.429758, 0.745584, 0.978954)
bind/42/name = &"thigh_L"
bind/42/bone = -1
bind/42/pose = Transform3D(0.988051, 0.153961, 0.00721666, 0.153821, -0.987952, 0.0170408, 0.00975397, -0.0157267, -0.99983, -0.262017, 1.04368, 0.0353679)
bind/43/name = &"shin_L"
bind/43/bone = -1
bind/43/pose = Transform3D(0.994867, 0.100561, 0.0112705, 0.101068, -0.992956, -0.0618311, 0.00497395, 0.0626531, -0.998024, -0.234389, 0.52227, -0.00634701)
bind/44/name = &"foot_L"
bind/44/bone = -1
bind/44/pose = Transform3D(0.999975, 0.00600225, -0.00378026, 0.00660794, -0.594643, 0.803964, 0.00257794, -0.803968, -0.594668, -0.223991, 0.0689383, 0.0986436)
bind/45/name = &"toe_L"
bind/45/bone = -1
bind/45/pose = Transform3D(-1, 1.84234e-06, 1.99383e-07, -6.45051e-07, -0.107657, 0.994189, 1.93858e-06, 0.994188, 0.107657, 0.224331, -0.12712, -0.0406228)
bind/46/name = &"ik_feet_l"
bind/46/bone = -1
bind/46/pose = Transform3D(-1.05421e-08, -5.06872e-07, 1, 0.998345, -0.0575116, -6.38178e-07, 0.0575117, 0.998345, 8.26435e-08, 0.0459002, -0.184424, -0.0228583)
bind/47/name = &"thigh_R"
bind/47/bone = -1
bind/47/pose = Transform3D(0.988051, -0.153961, -0.00721669, -0.153821, -0.987952, 0.0170408, -0.00975393, -0.0157267, -0.999829, 0.262016, 1.04368, 0.0353679)
bind/48/name = &"shin_R"
bind/48/bone = -1
bind/48/pose = Transform3D(0.994867, -0.100561, -0.0112705, -0.101068, -0.992956, -0.0618311, -0.00497388, 0.0626531, -0.998024, 0.234389, 0.52227, -0.00634698)
bind/49/name = &"foot_R"
bind/49/bone = -1
bind/49/pose = Transform3D(0.999975, -0.00600226, 0.00378026, -0.00660803, -0.594643, 0.803964, -0.00257794, -0.803968, -0.594668, 0.223991, 0.0689383, 0.0986436)
bind/50/name = &"toe_R"
bind/50/bone = -1
bind/50/pose = Transform3D(-1, -1.83423e-06, -1.98621e-07, 5.722e-07, -0.107657, 0.994189, -1.88651e-06, 0.994188, 0.107657, -0.224331, -0.12712, -0.0406227)
bind/51/name = &"ik_feet_r"
bind/51/bone = -1
bind/51/pose = Transform3D(-9.03578e-08, 5.32126e-07, -1, -0.998345, -0.0575117, -4.70236e-07, -0.0575118, 0.998345, 9.23181e-08, -0.0459001, -0.184424, -0.0228583)
bind/52/name = &"Pole_Elbow.L"
bind/52/bone = -1
bind/52/pose = Transform3D(1, 0, 0, 0, 0, -1, 0, 1, 0, -0.383686, -0.0445443, -1.38521)
bind/53/name = &"Pole_Elbow.R"
bind/53/bone = -1
bind/53/pose = Transform3D(1, 0, 0, 0, 0, -1, 0, 1, 0, 0.383686, -0.0445443, -1.38521)
bind/54/name = &"IK_Hand.R"
bind/54/bone = -1
bind/54/pose = Transform3D(-0.804006, 0.594619, -0.00155668, -0.411645, -0.554708, 0.723082, 0.429095, 0.582003, 0.690761, -1.16936, 0.292284, -0.650528)
bind/55/name = &"IK_Hand.L"
bind/55/bone = -1
bind/55/pose = Transform3D(-0.804006, -0.594619, 0.00155668, 0.411645, -0.554708, 0.723082, -0.429095, 0.582003, 0.690761, 1.16936, 0.292284, -0.650528)
bind/56/name = &"Pole_Knee.L"
bind/56/bone = -1
bind/56/pose = Transform3D(-1, 0, 0, 0, 0, 1, 0, 1, 0, 0.180433, -0.212011, -0.542559)
bind/57/name = &"Pole_Knee.R"
bind/57/bone = -1
bind/57/pose = Transform3D(-1, 0, 0, 0, 0, 1, 0, 1, 0, -0.180433, -0.212011, -0.542559)
bind/58/name = &"IK_foot.L"
bind/58/bone = -1
bind/58/pose = Transform3D(0.999918, -0.00230676, 0.0126087, 0.0126088, -1.81899e-12, -0.99992, 0.00230657, 0.999997, 2.90853e-05, -0.223019, 0.000510003, -0.122159)
bind/59/name = &"IK_foot.R"
bind/59/bone = -1
bind/59/pose = Transform3D(0.999918, -0.00230676, -0.0126087, -0.0126088, 1.81899e-12, -0.99992, 0.00230657, 0.999997, -2.90853e-05, 0.22358, 0.000510003, -0.121129)

[node name="beard0" type="MeshInstance3D"]
gi_mode = 0
mesh = SubResource("ArrayMesh_00w71")
skin = SubResource("Skin_vwtgw")
blend_shapes/length = 0.0
